============Parameter Info:======================
k_CONSTRAINT_TRIANGLE:556.016641
f_wind:(0.032137,-0.098164,0.025854,13.663905,-3.018190)
