============Parameter Info:======================
k_CONSTRAINT_TRIANGLE:556.016640
f_wind:(0.026197,-0.093305,0.022397,13.664281,-3.018263)
