============Parameter Info:======================
k_CONSTRAINT_TRIANGLE:556.016657
f_wind:(0.003911,-0.000490,0.010746,13.670724,-3.019244)
