============Parameter Info:======================
k_CONSTRAINT_TRIANGLE:556.016668
f_wind:(0.012150,-0.000052,0.011328,13.670491,-3.019054)
