============Parameter Info:======================
k_CONSTRAINT_TRIANGLE:556.016770
f_wind:(0.071785,-0.100000,-0.041624,13.658666,-3.015488)
