============Parameter Info:======================
k_CONSTRAINT_TRIANGLE:556.016313
f_wind:(-0.021123,0.056620,0.059688,13.675594,-3.024486)
