============Parameter Info:======================
k_CONSTRAINT_TRIANGLE:556.016655
f_wind:(0.002554,-0.000563,0.010650,13.670762,-3.019275)
