CLIP_0:-2.74586,2.29740,-0.20506
CLIP_1:2.73818,2.29632,-0.17952
