============Parameter Info:======================
k_CONSTRAINT_TRIANGLE:556.016659
f_wind:(0.005124,-0.000579,0.010871,13.670681,-3.019214)
