============Parameter Info:======================
k_CONSTRAINT_TRIANGLE:556.016875
f_wind:(0.100000,-0.100000,-0.100000,13.654503,-3.013408)
