============Parameter Info:======================
k_CONSTRAINT_TRIANGLE:556.016647
f_wind:(-0.003501,-0.000696,0.010406,13.670965,-3.019411)
