============Parameter Info:======================
k_CONSTRAINT_TRIANGLE:556.016666
f_wind:(0.010837,-0.000997,0.011460,13.670477,-3.019073)
