============Parameter Info:======================
k_CONSTRAINT_TRIANGLE:556.016627
f_wind:(0.032471,-0.100000,0.035344,13.664246,-3.018445)
