============Parameter Info:======================
k_CONSTRAINT_TRIANGLE:556.016626
f_wind:(-0.005607,-0.048571,0.012881,13.668020,-3.019069)
