============Parameter Info:======================
k_CONSTRAINT_TRIANGLE:556.016623
f_wind:(0.001930,-0.072794,0.016687,13.666295,-3.018806)
