============Parameter Info:======================
k_CONSTRAINT_TRIANGLE:556.016657
f_wind:(0.003940,-0.000492,0.010749,13.670723,-3.019243)
